Date,Open,High,Low,Close,Adj Close,Volume
2019-09-18,0.007846,0.008451,0.007659,0.008262,0.008262,4588569
2019-09-19,0.008263,0.008266,0.007546,0.007744,0.007744,3433120
2019-09-20,0.007763,0.007917,0.007673,0.007779,0.007779,2695285
2019-09-21,0.007774,0.007831,0.007577,0.007633,0.007633,2163868
2019-09-22,0.007648,0.007649,0.006990,0.007267,0.007267,2664115
2019-09-23,0.007277,0.007282,0.006722,0.006745,0.006745,2852050
2019-09-24,0.006744,0.007216,0.005367,0.005431,0.005431,3724796
2019-09-25,0.005440,0.005573,0.005175,0.005431,0.005431,2312232
2019-09-26,0.005453,0.005559,0.004702,0.005032,0.005032,3569830
2019-09-27,0.005030,0.005138,0.004872,0.005083,0.005083,2202292
2019-09-28,0.005087,0.005202,0.004980,0.005050,0.005050,2112299
2019-09-29,0.005053,0.005158,0.004976,0.005117,0.005117,2372433
2019-09-30,0.005117,0.005295,0.004747,0.005118,0.005118,2761862
2019-10-01,0.005139,0.005316,0.005008,0.005060,0.005060,1828841
2019-10-02,0.005060,0.005114,0.004922,0.005014,0.005014,1472882
2019-10-03,0.005014,0.005093,0.004898,0.005022,0.005022,1670731
2019-10-04,0.005020,0.005188,0.004891,0.005139,0.005139,1636173
2019-10-05,0.005139,0.005150,0.004982,0.005072,0.005072,1564864
2019-10-06,0.005062,0.005113,0.004922,0.004985,0.004985,1768775
2019-10-07,0.004967,0.005565,0.004899,0.005516,0.005516,3165221
2019-10-08,0.005542,0.005971,0.005407,0.005903,0.005903,4381757
2019-10-09,0.005903,0.006506,0.005641,0.005882,0.005882,8435682
2019-10-10,0.005874,0.006348,0.005550,0.006296,0.006296,5210468
2019-10-11,0.006283,0.007022,0.006146,0.006474,0.006474,18754525
2019-10-12,0.006464,0.006719,0.006235,0.006327,0.006327,5881774
2019-10-13,0.006326,0.006500,0.005886,0.005977,0.005977,4181617
2019-10-14,0.005977,0.006350,0.005948,0.006158,0.006158,4147537
2019-10-15,0.006157,0.006545,0.005995,0.006475,0.006475,6518562
2019-10-16,0.006475,0.006499,0.005590,0.005770,0.005770,4634489
2019-10-17,0.005768,0.006105,0.005685,0.005951,0.005951,3303701
2019-10-18,0.005953,0.006058,0.005785,0.005881,0.005881,2679325
2019-10-19,0.005883,0.005962,0.005588,0.005686,0.005686,2594012
2019-10-20,0.005645,0.005727,0.005508,0.005618,0.005618,2753537
2019-10-21,0.005593,0.005860,0.005560,0.005691,0.005691,3014432
2019-10-22,0.005650,0.005801,0.005398,0.005410,0.005410,2670108
2019-10-23,0.005408,0.005480,0.004738,0.004786,0.004786,3126184
2019-10-24,0.004784,0.005053,0.004753,0.004972,0.004972,1869206
2019-10-25,0.004972,0.005313,0.004826,0.005197,0.005197,2652340
2019-10-26,0.005200,0.005463,0.004836,0.004977,0.004977,3241809
2019-10-27,0.004977,0.005230,0.004913,0.005112,0.005112,2824555
2019-10-28,0.005111,0.005405,0.005058,0.005064,0.005064,2913100
2019-10-29,0.005094,0.005408,0.005087,0.005201,0.005201,2448588
2019-10-30,0.005204,0.005257,0.004946,0.005098,0.005098,2060903
2019-10-31,0.005116,0.005301,0.004970,0.005206,0.005206,2402270
2019-11-01,0.005206,0.005414,0.005104,0.005340,0.005340,2261694
2019-11-02,0.005340,0.005640,0.005292,0.005625,0.005625,2569593
2019-11-03,0.005604,0.005716,0.005378,0.005509,0.005509,2206315
2019-11-04,0.005539,0.005800,0.005411,0.005702,0.005702,2554146
2019-11-05,0.005702,0.006385,0.005562,0.006260,0.006260,5213420
2019-11-06,0.006256,0.006425,0.005882,0.005944,0.005944,4134317
2019-11-07,0.005946,0.006251,0.005798,0.006091,0.006091,4459170
2019-11-08,0.006092,0.006092,0.005444,0.005669,0.005669,2543081
2019-11-09,0.005661,0.005781,0.005561,0.005664,0.005664,1920375
2019-11-10,0.005663,0.005875,0.005579,0.005739,0.005739,1927323
2019-11-11,0.005741,0.005850,0.005451,0.005683,0.005683,2163568
2019-11-12,0.005660,0.005914,0.005567,0.005651,0.005651,2917840
2019-11-13,0.005660,0.005797,0.005530,0.005710,0.005710,2783796
2019-11-14,0.005700,0.005747,0.005494,0.005577,0.005577,1781734
2019-11-15,0.005577,0.005611,0.005347,0.005388,0.005388,2000386
2019-11-16,0.005387,0.006256,0.005308,0.006212,0.006212,3770744
2019-11-17,0.006212,0.006241,0.005831,0.005964,0.005964,3172519
2019-11-18,0.005963,0.005983,0.005463,0.005685,0.005685,2264451
2019-11-19,0.005687,0.005843,0.005373,0.005796,0.005796,3009282
2019-11-20,0.005796,0.006074,0.005626,0.005799,0.005799,5251708
2019-11-21,0.005798,0.005875,0.005312,0.005590,0.005590,3112141
2019-11-22,0.005590,0.005590,0.004527,0.005021,0.005021,3555617
2019-11-23,0.005022,0.005380,0.004878,0.005376,0.005376,2935481
2019-11-24,0.005352,0.005855,0.005066,0.005413,0.005413,4916501
2019-11-25,0.005420,0.006343,0.005053,0.006343,0.006343,12254691
2019-11-26,0.006334,0.006726,0.005978,0.006621,0.006621,6320799
2019-11-27,0.006581,0.006623,0.005658,0.006405,0.006405,8260344
2019-11-28,0.006413,0.006559,0.006108,0.006172,0.006172,4462653
2019-11-29,0.006192,0.006312,0.005886,0.006044,0.006044,5362704
2019-11-30,0.006044,0.006260,0.005897,0.005960,0.005960,7237634
2019-12-01,0.005908,0.005957,0.005199,0.005482,0.005482,7638883
2019-12-02,0.005475,0.005588,0.005202,0.005420,0.005420,3900960
2019-12-03,0.005413,0.006041,0.005352,0.005868,0.005868,6655006
2019-12-04,0.005876,0.006655,0.005459,0.006166,0.006166,9815452
2019-12-05,0.006166,0.006499,0.005945,0.006048,0.006048,5631359
2019-12-06,0.006050,0.006514,0.005990,0.006360,0.006360,6026054
2019-12-07,0.006406,0.007180,0.006296,0.007142,0.007142,9311925
2019-12-08,0.007142,0.008581,0.007142,0.007730,0.007730,22461253
2019-12-09,0.007733,0.007880,0.007038,0.007306,0.007306,10522638
2019-12-10,0.007327,0.007469,0.005294,0.005431,0.005431,15639184
2019-12-11,0.005386,0.006051,0.005240,0.005743,0.005743,6120750
2019-12-12,0.005735,0.005786,0.005259,0.005370,0.005370,3652209
2019-12-13,0.005372,0.005519,0.005293,0.005440,0.005440,2899257
2019-12-14,0.005440,0.005440,0.004757,0.004831,0.004831,3319392
2019-12-15,0.004831,0.005107,0.004702,0.005002,0.005002,2836941
2019-12-16,0.005002,0.005097,0.004416,0.004520,0.004520,2824463
2019-12-17,0.004520,0.004550,0.003918,0.004039,0.004039,2881436
2019-12-18,0.004039,0.004644,0.003981,0.004467,0.004467,3549898
2019-12-19,0.004467,0.004760,0.004328,0.004688,0.004688,2648652
2019-12-20,0.004688,0.005090,0.004601,0.004953,0.004953,3478844
2019-12-21,0.004953,0.005226,0.004897,0.005133,0.005133,3409447
2019-12-22,0.005131,0.005252,0.004768,0.005100,0.005100,3367703
2019-12-23,0.005114,0.005388,0.004841,0.004879,0.004879,4366978
2019-12-24,0.004872,0.005136,0.004850,0.004945,0.004945,2021717
2019-12-25,0.004945,0.005028,0.004748,0.004817,0.004817,1844926
2019-12-26,0.004817,0.004978,0.004760,0.004899,0.004899,1735768
2019-12-27,0.004906,0.004908,0.004684,0.004796,0.004796,1604865
2019-12-28,0.004796,0.004921,0.004753,0.004810,0.004810,1485932
2019-12-29,0.004810,0.005072,0.004767,0.004836,0.004836,1694783
2019-12-30,0.004843,0.004922,0.004742,0.004764,0.004764,1706364
2019-12-31,0.004765,0.004795,0.004494,0.004583,0.004583,1392966
2020-01-01,0.004583,0.004762,0.004568,0.004670,0.004670,1475010
2020-01-02,0.004665,0.004848,0.004511,0.004698,0.004698,2442694
2020-01-03,0.004711,0.004957,0.004593,0.004812,0.004812,1960085
2020-01-04,0.004810,0.004930,0.004744,0.004805,0.004805,1509854
2020-01-05,0.004789,0.004925,0.004653,0.004667,0.004667,1883991
2020-01-06,0.004675,0.004873,0.004673,0.004751,0.004751,1998344
2020-01-07,0.004751,0.004845,0.004512,0.004573,0.004573,2623043
2020-01-08,0.004573,0.004825,0.004556,0.004631,0.004631,1622421
2020-01-09,0.004628,0.004710,0.004530,0.004607,0.004607,1651262
2020-01-10,0.004631,0.004705,0.004519,0.004629,0.004629,1456749
2020-01-11,0.004632,0.004724,0.004581,0.004621,0.004621,1426532
2020-01-12,0.004619,0.004725,0.004583,0.004632,0.004632,1090767
2020-01-13,0.004625,0.004824,0.004591,0.004782,0.004782,9019287
2020-01-14,0.004782,0.004979,0.004727,0.004891,0.004891,10229746
2020-01-15,0.004894,0.005325,0.004836,0.005037,0.005037,10904774
2020-01-16,0.005023,0.005073,0.004817,0.004940,0.004940,8024066
2020-01-17,0.004939,0.005235,0.004847,0.005175,0.005175,11119126
2020-01-18,0.005204,0.005204,0.004940,0.005064,0.005064,8261631
2020-01-19,0.005064,0.005067,0.004658,0.004792,0.004792,8407418
2020-01-20,0.004792,0.005038,0.004759,0.004934,0.004934,8116029
2020-01-21,0.004965,0.005011,0.004804,0.004950,0.004950,7967183
2020-01-22,0.004915,0.004987,0.004846,0.004892,0.004892,7479511
2020-01-23,0.004899,0.005233,0.004790,0.005203,0.005203,9965683
2020-01-24,0.005203,0.005298,0.004897,0.005182,0.005182,9569905
2020-01-25,0.005193,0.005343,0.005044,0.005112,0.005112,7710617
2020-01-26,0.005090,0.005192,0.005032,0.005073,0.005073,7651306
2020-01-27,0.005079,0.005238,0.005040,0.005092,0.005092,8114356
2020-01-28,0.005100,0.005153,0.004922,0.005115,0.005115,8465090
2020-01-29,0.005109,0.005148,0.004956,0.005020,0.005020,7770665
2020-01-30,0.005017,0.005237,0.004911,0.005142,0.005142,9111532
2020-01-31,0.005168,0.005304,0.005040,0.005198,0.005198,8960222
2020-02-01,0.005209,0.005260,0.005089,0.005210,0.005210,8382019
2020-02-02,0.005185,0.005485,0.005179,0.005275,0.005275,10508771
2020-02-03,0.005275,0.005810,0.005233,0.005788,0.005788,12320733
2020-02-04,0.005761,0.005834,0.005498,0.005698,0.005698,11182472
2020-02-05,0.005640,0.005924,0.005579,0.005869,0.005869,12454034
2020-02-06,0.005869,0.006369,0.005798,0.006289,0.006289,13702617
2020-02-07,0.006289,0.006824,0.006113,0.006779,0.006779,16177914
2020-02-08,0.006797,0.006797,0.006112,0.006234,0.006234,13437594
2020-02-09,0.006233,0.006519,0.006021,0.006384,0.006384,12050195
2020-02-10,0.006373,0.006458,0.005961,0.006358,0.006358,12463213
2020-02-11,0.006364,0.006626,0.006155,0.006614,0.006614,12448560
2020-02-12,0.006613,0.007089,0.006480,0.006749,0.006749,14866320
2020-02-13,0.006749,0.006918,0.006407,0.006712,0.006712,15615032
2020-02-14,0.006715,0.007348,0.006623,0.007293,0.007293,15846437
2020-02-15,0.007293,0.007303,0.006326,0.006420,0.006420,13069897
2020-02-16,0.006431,0.006685,0.005559,0.005985,0.005985,13391691
2020-02-17,0.005992,0.005992,0.005411,0.005677,0.005677,10833953
2020-02-18,0.005707,0.006148,0.005634,0.006051,0.006051,11151934
2020-02-19,0.006071,0.006145,0.005405,0.005515,0.005515,9528304
2020-02-20,0.005469,0.005578,0.005244,0.005409,0.005409,9788415
2020-02-21,0.005393,0.005651,0.005356,0.005485,0.005485,8124160
2020-02-22,0.005513,0.005513,0.005211,0.005421,0.005421,10857843
2020-02-23,0.005421,0.005642,0.005362,0.005543,0.005543,18373435
2020-02-24,0.005533,0.005628,0.005222,0.005350,0.005350,14895421
2020-02-25,0.005337,0.005379,0.004566,0.004718,0.004718,14746265
2020-02-26,0.004730,0.004748,0.003989,0.004213,0.004213,17260765
2020-02-27,0.004244,0.004510,0.004004,0.004303,0.004303,13271865
2020-02-28,0.004290,0.004503,0.004129,0.004433,0.004433,13997484
2020-02-29,0.004470,0.004607,0.004391,0.004523,0.004523,12516554
2020-03-01,0.004523,0.004582,0.004236,0.004325,0.004325,8684709
2020-03-02,0.004345,0.004710,0.004288,0.004642,0.004642,14915093
2020-03-03,0.004630,0.004748,0.004482,0.004717,0.004717,20216805
2020-03-04,0.004716,0.005136,0.004648,0.004949,0.004949,19458820
2020-03-05,0.004950,0.005295,0.004920,0.005133,0.005133,13571319
2020-03-06,0.005133,0.005277,0.005053,0.005109,0.005109,13336247
2020-03-07,0.005111,0.005307,0.004755,0.004782,0.004782,15258955
2020-03-08,0.004782,0.004784,0.004035,0.004037,0.004037,17656000
2020-03-09,0.004053,0.004414,0.003615,0.003886,0.003886,22705276
2020-03-10,0.003885,0.004037,0.003712,0.003778,0.003778,17535180
2020-03-11,0.003776,0.004013,0.003453,0.003675,0.003675,16418412
2020-03-12,0.003685,0.003699,0.001697,0.001844,0.001844,14849326
2020-03-13,0.001800,0.002100,0.001257,0.001978,0.001978,22747924
2020-03-14,0.001977,0.002077,0.001729,0.001763,0.001763,13085474
2020-03-15,0.001763,0.002003,0.001756,0.001820,0.001820,16921000
2020-03-16,0.001854,0.001863,0.001360,0.001548,0.001548,14465502
2020-03-17,0.001621,0.001889,0.001557,0.001863,0.001863,16131657
2020-03-18,0.001823,0.001975,0.001660,0.001895,0.001895,13555910
2020-03-19,0.001895,0.002675,0.001891,0.002569,0.002569,26451913
2020-03-20,0.002562,0.002690,0.002080,0.002252,0.002252,16062550
2020-03-21,0.002252,0.002377,0.002026,0.002227,0.002227,11505976
2020-03-22,0.002190,0.002274,0.001916,0.001937,0.001937,8699098
2020-03-23,0.001937,0.002154,0.001840,0.002102,0.002102,15080028
2020-03-24,0.002114,0.002254,0.002031,0.002190,0.002190,72992508
2020-03-25,0.002220,0.002278,0.002084,0.002257,0.002257,21591101
2020-03-26,0.002257,0.002438,0.002107,0.002195,0.002195,24117092
2020-03-27,0.002215,0.002365,0.002104,0.002140,0.002140,58785828
2020-03-28,0.002156,0.002186,0.001966,0.002129,0.002129,70266548
2020-03-29,0.002150,0.002201,0.001947,0.002014,0.002014,66314620
2020-03-30,0.001995,0.002236,0.001964,0.002174,0.002174,32400736
2020-03-31,0.002184,0.002235,0.002123,0.002189,0.002189,24192273
2020-04-01,0.002189,0.002272,0.002093,0.002266,0.002266,40164344
2020-04-02,0.002247,0.002469,0.002206,0.002420,0.002420,47018302
2020-04-03,0.002387,0.002738,0.002353,0.002596,0.002596,52119316
2020-04-04,0.002595,0.002688,0.002376,0.002477,0.002477,33519956
2020-04-05,0.002448,0.002713,0.002378,0.002378,0.002378,80439824
2020-04-06,0.002436,0.002585,0.002350,0.002552,0.002552,50175116
2020-04-07,0.002586,0.002636,0.002396,0.002447,0.002447,30914748
2020-04-08,0.002447,0.002546,0.002392,0.002500,0.002500,36324746
2020-04-09,0.002497,0.002607,0.002410,0.002571,0.002571,44194619
2020-04-10,0.002552,0.002611,0.002231,0.002342,0.002342,32132179
2020-04-11,0.002342,0.002387,0.002239,0.002318,0.002318,52382267
2020-04-12,0.002316,0.002415,0.002277,0.002326,0.002326,61639562
2020-04-13,0.002333,0.002333,0.002113,0.002181,0.002181,43552288
2020-04-14,0.002181,0.002223,0.002077,0.002167,0.002167,36080945
2020-04-15,0.002177,0.002200,0.002027,0.002096,0.002096,32739690
2020-04-16,0.002115,0.002325,0.002028,0.002263,0.002263,26034437
2020-04-17,0.002115,0.002325,0.002028,0.002263,0.002263,26034437
2020-04-18,0.002265,0.002373,0.002204,0.002301,0.002301,74194301
2020-04-19,0.002321,0.002427,0.002233,0.002377,0.002377,61304325
2020-04-20,0.002377,0.002426,0.002169,0.002209,0.002209,34668865
2020-04-21,0.002209,0.002354,0.002147,0.002317,0.002317,8692627
2020-04-22,0.002311,0.002630,0.002289,0.002535,0.002535,60012404
2020-04-23,0.002534,0.002732,0.002451,0.002693,0.002693,23589984
2020-04-24,0.002672,0.002722,0.002591,0.002618,0.002618,13766993
2020-04-25,0.002609,0.002750,0.002580,0.002699,0.002699,16228483
2020-04-26,0.002733,0.002747,0.002590,0.002680,0.002680,25379917
2020-04-27,0.002680,0.002718,0.002489,0.002574,0.002574,31122825
2020-04-28,0.002572,0.002630,0.002510,0.002571,0.002571,29965548
2020-04-29,0.002562,0.002711,0.002524,0.002652,0.002652,34231626
2020-04-30,0.002672,0.002754,0.002445,0.002585,0.002585,33023242
2020-05-01,0.002585,0.002645,0.002478,0.002573,0.002573,24040635
2020-05-02,0.002591,0.002640,0.002513,0.002540,0.002540,29220917
2020-05-03,0.002589,0.002608,0.002419,0.002480,0.002480,29798252
2020-05-04,0.002461,0.002521,0.002367,0.002464,0.002464,28354099
2020-05-05,0.002457,0.002521,0.002381,0.002490,0.002490,31872650
2020-05-06,0.002467,0.002743,0.002431,0.002703,0.002703,36686027
2020-05-07,0.002703,0.002992,0.002608,0.002711,0.002711,32166308
2020-05-08,0.002711,0.002903,0.002614,0.002820,0.002820,36633649
2020-05-09,0.002829,0.002990,0.002706,0.002976,0.002976,30945892
2020-05-10,0.002957,0.005752,0.002401,0.005665,0.005665,5540470
2020-05-11,0.005672,0.005989,0.002416,0.002734,0.002734,34558676
2020-05-12,0.002715,0.002784,0.002597,0.002673,0.002673,28948492
2020-05-13,0.002672,0.002902,0.002554,0.002798,0.002798,37432901
2020-05-14,0.002806,0.003290,0.002783,0.003289,0.003289,33063174
2020-05-15,0.003282,0.003549,0.003120,0.003319,0.003319,14657814
2020-05-16,0.003321,0.003626,0.003202,0.003328,0.003328,11093827
2020-05-17,0.003328,0.003445,0.003193,0.003209,0.003209,9317322
2020-05-18,0.003208,0.003544,0.003135,0.003484,0.003484,8526516
2020-05-19,0.003458,0.003533,0.003337,0.003365,0.003365,3101863
2020-05-20,0.003372,0.003451,0.003210,0.003290,0.003290,2876549
2020-05-21,0.003298,0.003403,0.003063,0.003335,0.003335,3501050
2020-05-22,0.003331,0.003647,0.003205,0.003610,0.003610,4075213
2020-05-23,0.003592,0.003812,0.003459,0.003536,0.003536,4125477
2020-05-24,0.003543,0.003726,0.003395,0.003442,0.003442,3987051
2020-05-25,0.003448,0.003944,0.003386,0.003814,0.003814,7245415
2020-05-26,0.003826,0.003890,0.003576,0.003721,0.003721,4519188
2020-05-27,0.003721,0.004296,0.003676,0.004192,0.004192,6587851
2020-05-28,0.004219,0.004302,0.003833,0.003950,0.003950,5258476
2020-05-29,0.003947,0.004000,0.003680,0.003705,0.003705,4297507
2020-05-30,0.003714,0.004210,0.003546,0.004015,0.004015,10057437
2020-05-31,0.003991,0.004090,0.003605,0.003615,0.003615,5964939
2020-06-01,0.003644,0.004292,0.003551,0.003920,0.003920,10707937
2020-06-02,0.003908,0.004007,0.003518,0.003677,0.003677,9204844
2020-06-03,0.003677,0.003886,0.003668,0.003774,0.003774,4583702
2020-06-04,0.003770,0.003808,0.003636,0.003722,0.003722,4736045
2020-06-05,0.003722,0.003818,0.003669,0.003728,0.003728,4091137
2020-06-06,0.003728,0.003934,0.003656,0.003837,0.003837,4843280
2020-06-07,0.003837,0.004069,0.003787,0.003982,0.003982,5168266
2020-06-08,0.003975,0.004096,0.003899,0.003994,0.003994,4366304
2020-06-09,0.003995,0.003995,0.003847,0.003896,0.003896,4095201
2020-06-10,0.003908,0.004120,0.003834,0.003978,0.003978,5378719
2020-06-11,0.003977,0.004043,0.003547,0.003601,0.003601,4592818
2020-06-12,0.003596,0.003850,0.003554,0.003789,0.003789,4326334
2020-06-13,0.003758,0.004425,0.003713,0.004415,0.004415,9336296
2020-06-14,0.004390,0.004871,0.004164,0.004231,0.004231,11007244
2020-06-15,0.004227,0.004404,0.003843,0.004251,0.004251,8686422
2020-06-16,0.004253,0.004628,0.004243,0.004483,0.004483,6095705
2020-06-17,0.004483,0.004619,0.004197,0.004338,0.004338,5329702
2020-06-18,0.004342,0.004614,0.004280,0.004447,0.004447,5628063
2020-06-19,0.004430,0.004952,0.004326,0.004811,0.004811,9741347
2020-06-20,0.004810,0.005088,0.004608,0.004878,0.004878,7421010
2020-06-21,0.004844,0.005265,0.004763,0.004875,0.004875,6596586
2020-06-22,0.004879,0.005215,0.004622,0.004967,0.004967,8246815
2020-06-23,0.004992,0.005158,0.004832,0.004937,0.004937,5111610
2020-06-24,0.004944,0.005001,0.004646,0.004685,0.004685,4956326
2020-06-25,0.004682,0.004738,0.004495,0.004644,0.004644,4063252
2020-06-26,0.004640,0.004693,0.004280,0.004302,0.004302,4270615
2020-06-27,0.004328,0.004441,0.003786,0.003997,0.003997,4878493
2020-06-28,0.003997,0.005792,0.003926,0.004614,0.004614,10038913
2020-06-29,0.004615,0.004739,0.004356,0.004467,0.004467,4461463
2020-06-30,0.004468,0.004616,0.004368,0.004431,0.004431,3803468
2020-07-01,0.004469,0.004789,0.004370,0.004656,0.004656,5230578
2020-07-02,0.004670,0.005366,0.004622,0.005200,0.005200,10532989
2020-07-03,0.005204,0.005663,0.005090,0.005187,0.005187,9151973
2020-07-04,0.005186,0.005273,0.005024,0.005175,0.005175,4863404
2020-07-05,0.005165,0.005191,0.004797,0.004908,0.004908,4816305
2020-07-06,0.004908,0.005246,0.004830,0.005162,0.005162,5471921
2020-07-07,0.005211,0.005803,0.005118,0.005568,0.005568,9720210
2020-07-08,0.005558,0.006441,0.005431,0.006152,0.006152,16910205
2020-07-09,0.006152,0.006386,0.005946,0.006168,0.006168,8119353
2020-07-10,0.006168,0.006440,0.005839,0.006195,0.006195,12199657
2020-07-11,0.006172,0.006311,0.005968,0.006034,0.006034,5864294
2020-07-12,0.006079,0.006137,0.005950,0.005985,0.005985,5221192
2020-07-13,0.005985,0.006268,0.005948,0.006053,0.006053,7704177
2020-07-14,0.006053,0.006118,0.005759,0.005826,0.005826,4806773
2020-07-15,0.005827,0.005922,0.005549,0.005610,0.005610,4281072
2020-07-16,0.005623,0.006003,0.005576,0.005870,0.005870,5843576
2020-07-17,0.005879,0.006071,0.005752,0.005789,0.005789,4494993
2020-07-18,0.005811,0.005858,0.005633,0.005782,0.005782,4244806
2020-07-19,0.005837,0.006473,0.005780,0.006473,0.006473,7935082
2020-07-20,0.006476,0.007255,0.006353,0.006665,0.006665,15315977
2020-07-21,0.006630,0.007366,0.006479,0.007184,0.007184,11131543
2020-07-22,0.007174,0.007745,0.007013,0.007099,0.007099,12119661
2020-07-23,0.007099,0.007304,0.006764,0.006868,0.006868,6572933
2020-07-24,0.006868,0.007602,0.006740,0.007451,0.007451,8791357
2020-07-25,0.007488,0.008362,0.007458,0.007869,0.007869,14638759
2020-07-26,0.007836,0.007992,0.007128,0.007618,0.007618,8770120
2020-07-27,0.007618,0.011153,0.007412,0.010102,0.010102,67998051
2020-07-28,0.010089,0.010089,0.008800,0.009118,0.009118,14866437
2020-07-29,0.009081,0.009372,0.008334,0.008460,0.008460,10384125
2020-07-30,0.008460,0.009159,0.008336,0.008682,0.008682,10877524
2020-07-31,0.008720,0.008742,0.007852,0.008605,0.008605,11014866
2020-08-01,0.008605,0.009523,0.008281,0.008443,0.008443,13594552
2020-08-02,0.008464,0.008771,0.007813,0.008062,0.008062,9776399
2020-08-03,0.008062,0.008415,0.007894,0.008029,0.008029,7984573
2020-08-04,0.008029,0.008335,0.007921,0.008268,0.008268,8287522
2020-08-05,0.008234,0.009059,0.008093,0.008991,0.008991,9198810
2020-08-06,0.008991,0.009932,0.008926,0.009710,0.009710,13690057
2020-08-07,0.009687,0.010211,0.009132,0.009845,0.009845,10532875
2020-08-08,0.009859,0.010560,0.009660,0.010176,0.010176,8619708
2020-08-09,0.010107,0.010301,0.009484,0.010301,0.010301,10768442
2020-08-10,0.010301,0.012202,0.009562,0.011487,0.011487,31466152
2020-08-11,0.011486,0.012868,0.010453,0.011015,0.011015,25038404
2020-08-12,0.011486,0.012868,0.010453,0.011015,0.011015,25038404
2020-08-13,0.011486,0.012868,0.010453,0.011015,0.011015,25038404
2020-08-14,0.011486,0.012868,0.010453,0.011015,0.011015,25038404
2020-08-15,0.011486,0.012868,0.010453,0.011015,0.011015,25038404
2020-08-16,0.012831,0.013717,0.012446,0.013072,0.013072,15505156
2020-08-17,0.013072,0.013189,0.011985,0.012600,0.012600,14854102
2020-08-18,0.012563,0.012665,0.011258,0.011592,0.011592,13796380
2020-08-19,0.011588,0.011701,0.009960,0.010705,0.010705,14727442
2020-08-20,0.010705,0.012321,0.010633,0.011962,0.011962,14741759
2020-08-21,0.012012,0.012065,0.010188,0.010528,0.010528,10228797
2020-08-22,0.010546,0.010776,0.009998,0.010566,0.010566,8381014
2020-08-23,0.010549,0.010773,0.010186,0.010647,0.010647,8143108
2020-08-24,0.010614,0.011628,0.010541,0.011391,0.011391,16344662
2020-08-25,0.011378,0.011592,0.009740,0.010143,0.010143,13844007
2020-08-26,0.010132,0.011115,0.009558,0.010921,0.010921,19448965
2020-08-27,0.010916,0.011854,0.010454,0.011010,0.011010,22241596
2020-08-28,0.011007,0.011102,0.010439,0.010839,0.010839,12612415
2020-08-29,0.010791,0.010836,0.010355,0.010488,0.010488,8649636
2020-08-30,0.010442,0.010944,0.010192,0.010524,0.010524,9204032
2020-08-31,0.010530,0.010963,0.010089,0.010145,0.010145,9200109
2020-09-01,0.010142,0.010352,0.009892,0.010107,0.010107,9638621
2020-09-02,0.010109,0.010490,0.008985,0.010476,0.010476,13263002
2020-09-03,0.010440,0.010480,0.007975,0.007983,0.007983,9885592
2020-09-04,0.008033,0.008327,0.007121,0.008218,0.008218,10645903
2020-09-05,0.008033,0.008327,0.007121,0.008218,0.008218,10645903
2020-09-06,0.008033,0.008327,0.007121,0.008218,0.008218,10645903
2020-09-07,0.008033,0.008327,0.007121,0.008218,0.008218,10645903
2020-09-08,0.008033,0.008327,0.007121,0.008218,0.008218,10645903
2020-09-09,0.008033,0.008327,0.007121,0.008218,0.008218,10645903
2020-09-10,0.008033,0.008327,0.007121,0.008218,0.008218,10645903
2020-09-11,0.008033,0.008327,0.007121,0.008218,0.008218,10645903
2020-09-12,0.008033,0.008327,0.007121,0.008218,0.008218,10645903
2020-09-13,0.008033,0.008327,0.007121,0.008218,0.008218,10645903
2020-09-14,0.008033,0.008327,0.007121,0.008218,0.008218,10645903
2020-09-15,0.008033,0.008327,0.007121,0.008218,0.008218,10645903
2020-09-16,0.008033,0.008327,0.007121,0.008218,0.008218,10645903
2020-09-17,0.008033,0.008327,0.007121,0.008218,0.008218,10645903
2020-09-18,0.008033,0.008327,0.007121,0.008218,0.008218,10645903
2020-09-19,0.008033,0.008327,0.007121,0.008218,0.008218,10645903
2020-09-20,0.008033,0.008327,0.007121,0.008218,0.008218,10645903
2020-09-21,0.008033,0.008327,0.007121,0.008218,0.008218,10645903
2020-09-22,0.005191,0.005649,0.004829,0.005643,0.005643,6360884
2020-09-23,0.005638,0.005686,0.004650,0.004669,0.004669,5018470
2020-09-24,0.004670,0.005229,0.004617,0.005175,0.005175,5796988
2020-09-25,0.005179,0.005590,0.004983,0.005482,0.005482,5980542
2020-09-26,0.005459,0.005569,0.005186,0.005418,0.005418,4933133
2020-09-27,0.005417,0.005467,0.005003,0.005132,0.005132,5146849
2020-09-28,0.005132,0.005293,0.005026,0.005043,0.005043,4949081
2020-09-29,0.005050,0.005200,0.004932,0.005114,0.005114,4785444
2020-09-30,0.005120,0.005777,0.004984,0.005714,0.005714,6802678
2020-10-01,0.005714,0.006059,0.005117,0.005462,0.005462,7578950
2020-10-02,0.005714,0.006059,0.005117,0.005462,0.005462,7578950
2020-10-03,0.005714,0.006059,0.005117,0.005462,0.005462,7578950
2020-10-04,0.005714,0.006059,0.005117,0.005462,0.005462,7578950
2020-10-05,0.005403,0.005433,0.005252,0.005358,0.005358,3774090
2020-10-06,0.005367,0.005379,0.004379,0.004503,0.004503,5028382
2020-10-07,0.004503,0.004939,0.004374,0.004837,0.004837,4631532
2020-10-08,0.004831,0.005270,0.004684,0.005242,0.005242,4026908
2020-10-09,0.004831,0.005270,0.004684,0.005242,0.005242,4026908
2020-10-10,0.005398,0.005583,0.005271,0.005350,0.005350,4625895
2020-10-11,0.005325,0.005427,0.005169,0.005342,0.005342,3668822
2020-10-12,0.005325,0.005427,0.005169,0.005342,0.005342,3668822
2020-10-13,0.005325,0.005427,0.005169,0.005342,0.005342,3668822
2020-10-14,0.005422,0.005570,0.005314,0.005417,0.005417,4255996
2020-10-15,0.005447,0.005455,0.005011,0.005054,0.005054,4413114
2020-10-16,0.005122,0.005184,0.004704,0.004772,0.004772,3393987
2020-10-17,0.004780,0.005160,0.004677,0.005096,0.005096,3633348
2020-10-18,0.005126,0.005455,0.005058,0.005361,0.005361,3605231
2020-10-19,0.005390,0.005505,0.005072,0.005207,0.005207,4793718
2020-10-20,0.005197,0.005297,0.004773,0.004773,0.004773,4172910
2020-10-21,0.004786,0.005004,0.004741,0.004759,0.004759,3923954
2020-10-22,0.004757,0.005016,0.004757,0.004800,0.004800,3904599
2020-10-23,0.004814,0.004894,0.004613,0.004816,0.004816,5095224
2020-10-24,0.004816,0.004957,0.004758,0.004804,0.004804,4057658
2020-10-25,0.004804,0.004838,0.004588,0.004709,0.004709,4435097
2020-10-26,0.004709,0.004781,0.004434,0.004650,0.004650,2560969
2020-10-27,0.004650,0.004684,0.004151,0.004242,0.004242,4464683
2020-10-28,0.004242,0.004372,0.004090,0.004159,0.004159,2483790
2020-10-29,0.004159,0.004319,0.004159,0.004229,0.004229,1875957
2020-10-30,0.004229,0.004285,0.003907,0.004193,0.004193,2709372
2020-10-31,0.004193,0.004469,0.004130,0.004389,0.004389,2536339
2020-11-01,0.004389,0.005486,0.004389,0.004820,0.004820,7521442
2020-11-02,0.004820,0.004867,0.004385,0.004386,0.004386,3528292
2020-11-03,0.004386,0.004389,0.004033,0.004134,0.004134,2572864
2020-11-04,0.004134,0.004392,0.004056,0.004257,0.004257,2629774
2020-11-05,0.004257,0.004423,0.004048,0.004253,0.004253,3654301
2020-11-06,0.004253,0.004922,0.004251,0.004868,0.004868,5572060
2020-11-07,0.004868,0.005222,0.004381,0.004734,0.004734,4053192
2020-11-08,0.004734,0.005082,0.004674,0.005035,0.005035,2215482
2020-11-09,0.005035,0.005286,0.004724,0.005249,0.005249,3088198
2020-11-10,0.005249,0.005464,0.005065,0.005325,0.005325,5083720
2020-11-11,0.005325,0.005408,0.005062,0.005148,0.005148,3251811
2020-11-12,0.005148,0.005159,0.004909,0.005038,0.005038,3071969
2020-11-13,0.005038,0.005235,0.005021,0.005210,0.005210,2352959
2020-11-14,0.005210,0.005251,0.004862,0.004878,0.004878,3080911
2020-11-15,0.004878,0.005015,0.004694,0.004751,0.004751,3591115
2020-11-16,0.004751,0.004981,0.004698,0.004891,0.004891,3368335
2020-11-17,0.004940,0.005177,0.004905,0.004959,0.004959,3629947
2020-11-18,0.004959,0.005069,0.004453,0.004766,0.004766,4367167
2020-11-19,0.004767,0.004908,0.004598,0.004643,0.004643,3600359
2020-11-20,0.004643,0.005308,0.004614,0.005100,0.005100,6365816
2020-11-21,0.005100,0.005618,0.005100,0.005565,0.005565,6303197
2020-11-22,0.005565,0.005736,0.005007,0.005180,0.005180,5518171
2020-11-23,0.005180,0.005886,0.005112,0.005447,0.005447,7613309
2020-11-24,0.005449,0.006287,0.005416,0.005962,0.005962,10572199
2020-11-25,0.005962,0.006759,0.005731,0.006063,0.006063,11409092
2020-11-26,0.006075,0.006391,0.004799,0.005301,0.005301,10718338
2020-11-27,0.005295,0.005417,0.004831,0.004996,0.004996,4073505
2020-11-28,0.005000,0.005431,0.004983,0.005340,0.005340,4375418
2020-11-29,0.005340,0.005485,0.005272,0.005425,0.005425,3914566
2020-11-30,0.005425,0.005673,0.005302,0.005578,0.005578,4732662
2020-12-01,0.005567,0.005651,0.005192,0.005325,0.005325,7037691
2020-12-02,0.005325,0.005446,0.005257,0.005411,0.005411,4155560
2020-12-03,0.005411,0.005432,0.005294,0.005316,0.005316,3909482
2020-12-04,0.005316,0.005439,0.005035,0.005070,0.005070,4222789
2020-12-05,0.005078,0.005252,0.004910,0.005161,0.005161,3748583
2020-12-06,0.005161,0.005234,0.005068,0.005121,0.005121,2792868
2020-12-07,0.005116,0.005204,0.004899,0.005183,0.005183,4298858
2020-12-08,0.005179,0.005198,0.004714,0.004734,0.004734,3897367
2020-12-09,0.004733,0.005175,0.004641,0.005135,0.005135,4807615
2020-12-10,0.005139,0.005165,0.004804,0.004862,0.004862,3043749
2020-12-11,0.004854,0.004857,0.004545,0.004561,0.004561,3590392
2020-12-12,0.004561,0.005261,0.004554,0.005235,0.005235,5116271
2020-12-13,0.005241,0.005504,0.005089,0.005374,0.005374,5555946
2020-12-14,0.005380,0.005380,0.005038,0.005222,0.005222,4558617
2020-12-15,0.005218,0.005485,0.005068,0.005405,0.005405,5212700
2020-12-16,0.005405,0.005632,0.005223,0.005566,0.005566,7876955
2020-12-17,0.005565,0.005667,0.005081,0.005138,0.005138,8309447
2020-12-18,0.005138,0.005273,0.004989,0.005185,0.005185,6024411
2020-12-19,0.005185,0.005351,0.005150,0.005212,0.005212,5814245
2020-12-20,0.005206,0.005478,0.005109,0.005282,0.005282,6466556
2020-12-21,0.005276,0.005332,0.004761,0.005021,0.005021,5000178
2020-12-22,0.005020,0.005222,0.004881,0.005121,0.005121,4383196
2020-12-23,0.005120,0.005148,0.004135,0.004363,0.004363,5328791
2020-12-24,0.004362,0.004730,0.004316,0.004711,0.004711,3946547
2020-12-25,0.004708,0.004893,0.004576,0.004754,0.004754,3861855
2020-12-26,0.004751,0.004846,0.004558,0.004756,0.004756,3460663
2020-12-27,0.004761,0.005115,0.004677,0.004908,0.004908,4437831
2020-12-28,0.004908,0.005086,0.004782,0.004792,0.004792,3894244
2020-12-29,0.004792,0.004811,0.004242,0.004427,0.004427,3934826
2020-12-30,0.004423,0.004489,0.004090,0.004104,0.004104,3397294
2020-12-31,0.004110,0.004293,0.004021,0.004253,0.004253,3833344
2021-01-01,0.004251,0.004481,0.004138,0.004242,0.004242,6099059
2021-01-02,0.004242,0.004388,0.004135,0.004242,0.004242,6445636
2021-01-03,0.004236,0.004998,0.004208,0.004897,0.004897,10681546
2021-01-04,0.004899,0.005595,0.004525,0.004941,0.004941,10997926
2021-01-05,0.004945,0.005306,0.004930,0.005023,0.005023,7304256
2021-01-06,0.005023,0.005697,0.004906,0.005581,0.005581,9305365
2021-01-07,0.005023,0.005697,0.004906,0.005581,0.005581,9305365
2021-01-08,0.005023,0.005697,0.004906,0.005581,0.005581,9305365
2021-01-09,0.005023,0.005697,0.004906,0.005581,0.005581,9305365
2021-01-10,0.005023,0.005697,0.004906,0.005581,0.005581,9305365
2021-01-11,0.005023,0.005697,0.004906,0.005581,0.005581,9305365
2021-01-12,0.005023,0.005697,0.004906,0.005581,0.005581,9305365
2021-01-13,0.005023,0.005697,0.004906,0.005581,0.005581,9305365
2021-01-14,0.005023,0.005697,0.004906,0.005581,0.005581,9305365
2021-01-15,0.005023,0.005697,0.004906,0.005581,0.005581,9305365
2021-01-16,0.005023,0.005697,0.004906,0.005581,0.005581,9305365
2021-01-17,0.005023,0.005697,0.004906,0.005581,0.005581,9305365
2021-01-18,0.005023,0.005697,0.004906,0.005581,0.005581,9305365
2021-01-19,0.005023,0.005697,0.004906,0.005581,0.005581,9305365
2021-01-20,0.005023,0.005697,0.004906,0.005581,0.005581,9305365
2021-01-21,0.005023,0.005697,0.004906,0.005581,0.005581,9305365
2021-01-22,0.005023,0.005697,0.004906,0.005581,0.005581,9305365
2021-01-23,0.005023,0.005697,0.004906,0.005581,0.005581,9305365
2021-01-24,0.005023,0.005697,0.004906,0.005581,0.005581,9305365
2021-01-25,0.005023,0.005697,0.004906,0.005581,0.005581,9305365
2021-01-26,0.005023,0.005697,0.004906,0.005581,0.005581,9305365
2021-01-27,0.005023,0.005697,0.004906,0.005581,0.005581,9305365
2021-01-28,0.005023,0.005697,0.004906,0.005581,0.005581,9305365
2021-01-29,0.005023,0.005697,0.004906,0.005581,0.005581,9305365
2021-01-30,0.005023,0.005697,0.004906,0.005581,0.005581,9305365
2021-01-31,0.005023,0.005697,0.004906,0.005581,0.005581,9305365
2021-02-01,0.005023,0.005697,0.004906,0.005581,0.005581,9305365
2021-02-02,0.005023,0.005697,0.004906,0.005581,0.005581,9305365
2021-02-03,0.005023,0.005697,0.004906,0.005581,0.005581,9305365
2021-02-04,0.005023,0.005697,0.004906,0.005581,0.005581,9305365
2021-02-05,0.005023,0.005697,0.004906,0.005581,0.005581,9305365
2021-02-06,0.005023,0.005697,0.004906,0.005581,0.005581,9305365
2021-02-07,0.005023,0.005697,0.004906,0.005581,0.005581,9305365
2021-02-08,0.005023,0.005697,0.004906,0.005581,0.005581,9305365
2021-02-09,0.005023,0.005697,0.004906,0.005581,0.005581,9305365
2021-02-10,0.005023,0.005697,0.004906,0.005581,0.005581,9305365
2021-02-11,0.005023,0.005697,0.004906,0.005581,0.005581,9305365
2021-02-12,0.005023,0.005697,0.004906,0.005581,0.005581,9305365
2021-02-13,0.005023,0.005697,0.004906,0.005581,0.005581,9305365
2021-02-14,0.005023,0.005697,0.004906,0.005581,0.005581,9305365
2021-02-15,0.005023,0.005697,0.004906,0.005581,0.005581,9305365
2021-02-16,0.005023,0.005697,0.004906,0.005581,0.005581,9305365
2021-02-17,0.005023,0.005697,0.004906,0.005581,0.005581,9305365
2021-02-18,0.026960,0.029456,0.025927,0.027961,0.027961,40684903
2021-02-19,0.028023,0.033775,0.027919,0.032956,0.032956,63795935
2021-02-20,0.032867,0.035079,0.028434,0.029779,0.029779,53389106
2021-02-21,0.029774,0.031187,0.028943,0.029548,0.029548,34770529
2021-02-22,0.029485,0.029628,0.021718,0.026038,0.026038,40311022
2021-02-23,0.025969,0.025969,0.017534,0.020387,0.020387,42298037
2021-02-24,0.020448,0.024435,0.019411,0.022997,0.022997,28144868
2021-02-25,0.022959,0.029151,0.021862,0.024083,0.024083,42938175
2021-02-26,0.024158,0.030169,0.022937,0.028768,0.028768,79224042
2021-02-27,0.028670,0.028968,0.024824,0.025628,0.025628,31324494
2021-02-28,0.025708,0.025930,0.021644,0.024204,0.024204,29948724
2021-03-01,0.024244,0.030460,0.024213,0.029163,0.029163,44827266
2021-03-02,0.029146,0.030866,0.027254,0.028799,0.028799,27352215
2021-03-03,0.028835,0.031310,0.028520,0.030079,0.030079,26874018
2021-03-04,0.030042,0.033115,0.028558,0.032655,0.032655,37721391
2021-03-05,0.032646,0.037483,0.029633,0.036423,0.036423,79574533
2021-03-06,0.036159,0.047828,0.035829,0.038187,0.038187,135912518
2021-03-07,0.038260,0.038653,0.035651,0.037069,0.037069,47193989
2021-03-08,0.037093,0.038160,0.034639,0.036279,0.036279,42116816
2021-03-09,0.036267,0.042151,0.035712,0.041838,0.041838,57887689
2021-03-10,0.041906,0.046700,0.040144,0.041431,0.041431,83883057
2021-03-11,0.041349,0.042379,0.038259,0.042054,0.042054,42788549
2021-03-12,0.042066,0.063213,0.041371,0.058525,0.058525,292767922
2021-03-13,0.058611,0.067317,0.052212,0.053560,0.053560,243715787
2021-03-14,0.053073,0.089260,0.052710,0.082070,0.082070,474625650
2021-03-15,0.081278,0.107730,0.077056,0.086387,0.086387,714006805
2021-03-16,0.086528,0.100812,0.076466,0.084115,0.084115,266730507
2021-03-17,0.084272,0.088795,0.074544,0.081861,0.081861,159018822
2021-03-18,0.082129,0.101686,0.078387,0.094715,0.094715,276857632
2021-03-19,0.095016,0.125980,0.090557,0.116958,0.116958,631891765
2021-03-20,0.116760,0.125102,0.107717,0.113787,0.113787,239985952
2021-03-21,0.113733,0.180440,0.111325,0.176488,0.176488,1070447496
2021-03-22,0.177167,0.191140,0.150263,0.157342,0.157342,743400342
2021-03-23,0.156734,0.187279,0.141491,0.159230,0.159230,488307607
2021-03-24,0.158968,0.219886,0.158629,0.199562,0.199562,835945437
2021-03-25,0.198811,0.200871,0.167000,0.180378,0.180378,500237809
2021-03-26,0.179527,0.195486,0.175468,0.181182,0.181182,279486712
2021-03-27,0.181230,0.188703,0.163723,0.164694,0.164694,209942864
2021-03-28,0.164212,0.209529,0.160490,0.202660,0.202660,457091757
2021-03-29,0.203013,0.223296,0.194498,0.198977,0.198977,421627934
2021-03-30,0.198882,0.204030,0.185598,0.190381,0.190381,236094624
2021-03-31,0.190210,0.190551,0.171665,0.176850,0.176850,184582604
2021-04-01,0.176712,0.196149,0.173154,0.177512,0.177512,219085834
2021-04-02,0.177316,0.178654,0.166674,0.169671,0.169671,144297414
2021-04-03,0.169272,0.180486,0.146336,0.152341,0.152341,227424114
2021-04-04,0.152236,0.170699,0.150079,0.159309,0.159309,186717154
2021-04-05,0.159147,0.169602,0.150890,0.154539,0.154539,192981682
2021-04-06,0.154381,0.159445,0.135200,0.145548,0.145548,189675071
2021-04-07,0.145306,0.169233,0.119811,0.155077,0.155077,461520277
2021-04-08,0.155282,0.176721,0.153438,0.160697,0.160697,271418524
2021-04-09,0.161065,0.168359,0.154793,0.157814,0.157814,142119368
2021-04-10,0.157582,0.160442,0.147105,0.150085,0.150085,123942885
2021-04-11,0.150477,0.155711,0.143020,0.143079,0.143079,104752701
2021-04-12,0.142749,0.149479,0.136979,0.149152,0.149152,148270842
2021-04-13,0.149389,0.163791,0.144180,0.147167,0.147167,244718712
2021-04-14,0.147156,0.153169,0.140560,0.150234,0.150234,165210693
2021-04-15,0.149797,0.165257,0.146519,0.154020,0.154020,190617250
2021-04-16,0.153925,0.154635,0.136392,0.141747,0.141747,207744864
2021-04-17,0.141718,0.155332,0.141718,0.145106,0.145106,188239959
2021-04-18,0.144902,0.146651,0.105286,0.128579,0.128579,226288834
2021-04-19,0.128417,0.138521,0.112309,0.116704,0.116704,176501542
2021-04-20,0.115793,0.124672,0.105636,0.119235,0.119235,186648734
2021-04-21,0.119602,0.125161,0.113214,0.115286,0.115286,105140458
2021-04-22,0.114269,0.124646,0.101193,0.104232,0.104232,108422750
2021-04-23,0.104342,0.107125,0.072482,0.106200,0.106200,221582397
2021-04-24,0.106451,0.108267,0.095824,0.099107,0.099107,93507090
2021-04-25,0.099087,0.105451,0.088003,0.095294,0.095294,58640019
2021-04-26,0.095718,0.147431,0.095181,0.136242,0.136242,393016795
2021-04-27,0.136238,0.151880,0.132124,0.141990,0.141990,215999382
2021-04-28,0.141923,0.151796,0.126346,0.132698,0.132698,159622238
2021-04-29,0.132567,0.144991,0.125338,0.132446,0.132446,138274657
2021-04-30,0.132360,0.159524,0.129926,0.151992,0.151992,230462634
2021-05-01,0.152523,0.152523,0.142673,0.145965,0.145965,100493015
2021-05-02,0.145917,0.146412,0.136447,0.140369,0.140369,71725066
2021-05-03,0.140170,0.149896,0.138765,0.141542,0.141542,92458675
2021-05-04,0.141305,0.141471,0.119967,0.122701,0.122701,122809655
2021-05-05,0.122412,0.137357,0.120752,0.130904,0.130904,109837608
2021-05-06,0.130749,0.132345,0.123407,0.127269,0.127269,89961810
2021-05-07,0.127548,0.140037,0.124161,0.130204,0.130204,124116174
2021-05-08,0.130253,0.133762,0.125623,0.127256,0.127256,60847317
2021-05-09,0.127330,0.130004,0.119976,0.130004,0.130004,77007701
2021-05-10,0.130898,0.151288,0.110979,0.121456,0.121456,227069037
2021-05-11,0.120740,0.129674,0.116507,0.124611,0.124611,100002911
2021-05-12,0.124581,0.131455,0.105653,0.105653,0.105653,103212226
2021-05-13,0.106561,0.115637,0.099379,0.108751,0.108751,120462457
2021-05-14,0.108809,0.124078,0.108171,0.115505,0.115505,104707845
2021-05-15,0.115375,0.175731,0.113153,0.158359,0.158359,632824735
2021-05-16,0.157758,0.183560,0.145520,0.148992,0.148992,680807677
2021-05-17,0.148976,0.163859,0.132017,0.134588,0.134588,346650416
2021-05-18,0.134356,0.188374,0.134356,0.175934,0.175934,653139346
2021-05-19,0.175958,0.176809,0.075239,0.108435,0.108435,517005397
2021-05-20,0.107524,0.140127,0.095843,0.122395,0.122395,308582977
2021-05-21,0.121368,0.128097,0.084324,0.104415,0.104415,203445302
2021-05-22,0.104877,0.108330,0.088563,0.089313,0.089313,103088125
2021-05-23,0.089321,0.093933,0.058154,0.081225,0.081225,156130549
2021-05-24,0.080671,0.118797,0.080671,0.107966,0.107966,295363750
2021-05-25,0.107844,0.118835,0.094026,0.103977,0.103977,160800888
2021-05-26,0.104427,0.119822,0.101171,0.112260,0.112260,166090574
2021-05-27,0.112765,0.117878,0.098293,0.104319,0.104319,148820600
2021-05-28,0.104759,0.108302,0.086514,0.090896,0.090896,125356652
2021-05-29,0.090449,0.094361,0.077665,0.082913,0.082913,86448788
2021-05-30,0.082873,0.101150,0.078309,0.092756,0.092756,117396397
2021-05-31,0.092944,0.103756,0.087410,0.101544,0.101544,111453427
2021-06-01,0.101421,0.105329,0.096010,0.097402,0.097402,71178768
2021-06-02,0.097404,0.104303,0.095345,0.101203,0.101203,59700213
2021-06-03,0.101582,0.114704,0.099309,0.110023,0.110023,79277866
2021-06-04,0.110031,0.110081,0.091459,0.098336,0.098336,98550339
2021-06-05,0.098549,0.102686,0.089046,0.092449,0.092449,75989152
2021-06-06,0.092400,0.097846,0.091933,0.096393,0.096393,33118998
2021-06-07,0.096335,0.101993,0.085373,0.085685,0.085685,59894920
2021-06-08,0.086063,0.089743,0.078189,0.086088,0.086088,72448931
2021-06-09,0.085929,0.091170,0.080725,0.090936,0.090936,56662578
2021-06-10,0.090988,0.091015,0.080316,0.082554,0.082554,44735174
2021-06-11,0.082650,0.084444,0.076271,0.078562,0.078562,39597749
2021-06-12,0.078667,0.078667,0.072893,0.076834,0.076834,39369340
2021-06-13,0.076817,0.086126,0.075480,0.082306,0.082306,39625982
2021-06-14,0.082301,0.086196,0.080443,0.083358,0.083358,37691987
2021-06-15,0.083141,0.086693,0.082191,0.085031,0.085031,39510291
2021-06-16,0.083634,0.083936,0.078648,0.080626,0.080626,34414816
2021-06-17,0.080540,0.082807,0.077754,0.080066,0.080066,20161418
2021-06-18,0.080195,0.080195,0.071678,0.073818,0.073818,30072964
2021-06-19,0.073764,0.074695,0.071692,0.072013,0.072013,19154198
2021-06-20,0.071766,0.073535,0.066862,0.072977,0.072977,24003001
2021-06-21,0.072777,0.073173,0.055878,0.056877,0.056877,49041482
2021-06-22,0.056689,0.062302,0.047237,0.051825,0.051825,63593335
2021-06-23,0.051843,0.063196,0.049818,0.059910,0.059910,54762953
2021-06-24,0.059365,0.061893,0.055847,0.060379,0.060379,24550648
2021-06-25,0.060442,0.062199,0.054615,0.055596,0.055596,26824817
2021-06-26,0.055417,0.058986,0.053079,0.058816,0.058816,29536344
2021-06-27,0.058918,0.068269,0.058689,0.067558,0.067558,62210737
2021-06-28,0.067554,0.069077,0.063883,0.065175,0.065175,27220576
2021-06-29,0.065304,0.070485,0.065240,0.065652,0.065652,28848887
2021-06-30,0.065979,0.067314,0.062061,0.067077,0.067077,30284964
2021-07-01,0.067152,0.067152,0.061096,0.063424,0.063424,18637898
2021-07-02,0.063295,0.064327,0.060579,0.062717,0.062717,13352408
2021-07-03,0.062713,0.066593,0.062072,0.064488,0.064488,16762333
2021-07-04,0.064485,0.068907,0.062668,0.066738,0.066738,15263530
2021-07-05,0.066745,0.066745,0.062263,0.062959,0.062959,14918883
2021-07-06,0.063113,0.073002,0.063113,0.072198,0.072198,48626120
2021-07-07,0.072174,0.093587,0.071138,0.084231,0.084231,162325810
2021-07-08,0.084273,0.092025,0.077718,0.081741,0.081741,96115821
2021-07-09,0.081276,0.089943,0.076855,0.089148,0.089148,83960885
2021-07-10,0.089464,0.091089,0.080883,0.082432,0.082432,34043141
2021-07-11,0.082365,0.084057,0.080335,0.082102,0.082102,23470015
2021-07-12,0.082099,0.082253,0.076353,0.078717,0.078717,29845281
2021-07-13,0.078809,0.086142,0.077229,0.082353,0.082353,57556329
2021-07-14,0.082431,0.083123,0.074236,0.079651,0.079651,33520048
2021-07-15,0.079698,0.081723,0.072208,0.073439,0.073439,29203617
2021-07-16,0.073449,0.075561,0.067094,0.067308,0.067308,26494038
2021-07-17,0.067169,0.068609,0.065449,0.066070,0.066070,16831369
2021-07-18,0.066107,0.068584,0.063883,0.064574,0.064574,14867911
2021-07-19,0.064532,0.065327,0.059021,0.059021,0.059021,17543056
2021-07-20,0.059343,0.060185,0.054056,0.056954,0.056954,23357455
2021-07-21,0.056888,0.066112,0.054986,0.063585,0.063585,33361764
2021-07-22,0.063795,0.067711,0.062398,0.064494,0.064494,28021239
2021-07-23,0.064483,0.069719,0.062755,0.069719,0.069719,22373144
2021-07-24,0.069849,0.075021,0.068982,0.072737,0.072737,37270457
2021-07-25,0.072667,0.073379,0.069022,0.072420,0.072420,14839548
2021-07-26,0.072571,0.082299,0.072074,0.072765,0.072765,53697443
2021-07-27,0.072867,0.076822,0.070210,0.074870,0.074870,29634696
2021-07-28,0.075017,0.075017,0.070652,0.071816,0.071816,21445377
2021-07-29,0.071916,0.074629,0.070738,0.073598,0.073598,16445855
2021-07-30,0.073798,0.076767,0.071670,0.076646,0.076646,23060696
2021-07-31,0.076422,0.079827,0.074821,0.078661,0.078661,29336328
2021-08-01,0.078470,0.083428,0.075420,0.076276,0.076276,33013113
2021-08-02,0.076238,0.079067,0.074657,0.077509,0.077509,17331374
2021-08-03,0.077443,0.078718,0.072150,0.073332,0.073332,21274113
2021-08-04,0.073760,0.078383,0.072671,0.077859,0.077859,19394250
2021-08-05,0.077951,0.078164,0.074073,0.077873,0.077873,20780556
2021-08-06,0.077797,0.081616,0.076048,0.080426,0.080426,26890767
2021-08-07,0.080805,0.084969,0.079895,0.083576,0.083576,39509551
2021-08-08,0.083936,0.086669,0.080523,0.081289,0.081289,42605823
2021-08-09,0.081250,0.093913,0.077969,0.093651,0.093651,66957029
2021-08-10,0.093483,0.098228,0.087673,0.091308,0.091308,79501631
2021-08-11,0.091261,0.101787,0.091080,0.098295,0.098295,79861824
2021-08-12,0.098086,0.101501,0.088507,0.092394,0.092394,51454750
2021-08-13,0.092619,0.098978,0.091847,0.098250,0.098250,42286162
2021-08-14,0.098235,0.101640,0.095374,0.098119,0.098119,50038073
2021-08-15,0.098009,0.110047,0.095115,0.108147,0.108147,69157607
2021-08-16,0.108330,0.119041,0.103049,0.104184,0.104184,131971449
2021-08-17,0.103893,0.109189,0.094456,0.095409,0.095409,65856423
2021-08-18,0.095421,0.101935,0.091337,0.097614,0.097614,59163379
2021-08-19,0.097491,0.102861,0.092685,0.101131,0.101131,48653523
2021-08-20,0.101110,0.115129,0.100095,0.110706,0.110706,100661476
2021-08-21,0.110809,0.112288,0.104845,0.108739,0.108739,73627146
2021-08-22,0.108792,0.124030,0.108689,0.115928,0.115928,126982939
2021-08-23,0.115742,0.123168,0.113700,0.115692,0.115692,68867750
2021-08-24,0.115725,0.118573,0.104329,0.106877,0.106877,79948055
2021-08-25,0.106670,0.112837,0.103010,0.109370,0.109370,51565581
2021-08-26,0.109441,0.110767,0.098219,0.099178,0.099178,51373809
2021-08-27,0.098880,0.105403,0.094931,0.105224,0.105224,48957117
2021-08-28,0.105287,0.105588,0.099471,0.100152,0.100152,29616119
2021-08-29,0.100343,0.102847,0.097080,0.101275,0.101275,32218105
2021-08-30,0.101339,0.128370,0.096629,0.114885,0.114885,200926207
2021-08-31,0.115327,0.135519,0.114415,0.118883,0.118883,296529900
2021-09-01,0.118635,0.125606,0.115296,0.122634,0.122634,86340728
